
Resp charges for organic molecule                                               

iqopt   irstrnt  ihfree     qwt
  2      1      1        0.001000

 rel.rms   dipole mom       Qxx      Qyy      Qzz
    0.11151   1.77903  20.06735  21.37643 -41.44378

          Point charges before & after optimization
    NO   At.No.    q0           q(opt)   IVARY  d(rstr)/dq 
     1     6   0.028416       0.028416  -99    0.009619
     2     6   0.050780       0.050780  -99    0.008916
     3     6  -0.040307      -0.040307  -99    0.009275
     4     6   0.050780       0.050780  -99    0.008916
     5     6   0.028416       0.028416  -99    0.009619
     6     6  -0.186853      -0.186853  -99    0.004719
     7     6  -0.145922      -0.145922  -99    0.005653
     8     6  -0.185583      -0.185583  -99    0.004744
     9     6  -0.129571      -0.129571  -99    0.006110
    10     1   0.145292       0.145292  -99    0.000000
    11     1   0.141676       0.141676  -99    0.000000
    12     1   0.143914       0.143914  -99    0.000000
    13     1   0.131952       0.131952  -99    0.000000
    14     6  -0.186853      -0.186853  -99    0.004719
    15     6  -0.129571      -0.129571  -99    0.006110
    16     6  -0.145922      -0.145922  -99    0.005653
    17     6  -0.185583      -0.185583  -99    0.004744
    18     1   0.131952       0.131952  -99    0.000000
    19     1   0.143914       0.143914  -99    0.000000
    20     1   0.145292       0.145292  -99    0.000000
    21     1   0.141676       0.141676  -99    0.000000
    22     6  -0.004567      -0.004567  -99    0.009990
    23     6  -0.045201      -0.045201  -99    0.009112
    24     6  -0.035306      -0.035306  -99    0.009430
    25     6  -0.032606      -0.032534    0    0.009509
    26     6   0.080599       0.080599  -99    0.007786
    27     1   0.041247       0.050823    0    0.000000
    28     1   0.060470       0.050823   27    0.000000
    29     6  -0.235980      -0.235980  -99    0.003902
    30     6  -0.199623      -0.199623  -99    0.004479
    31     6   0.026033       0.026033  -99    0.009677
    32     6   0.098994       0.098994  -99    0.007107
    33     1   0.157717       0.157717  -99    0.000000
    34     1   0.164152       0.164152  -99    0.000000
    35     6  -0.169810      -0.169810  -99    0.005074
    36     6  -0.110820      -0.110820  -99    0.006699
    37     6  -0.128182      -0.128182  -99    0.006151
    38     6  -0.169726      -0.169726  -99    0.005076
    39     1   0.098233       0.098233  -99    0.000000
    40     1   0.140435       0.140435  -99    0.000000
    41     1   0.132111       0.132111  -99    0.000000
    42     1   0.146326       0.146326  -99    0.000000
    43     1   0.072556       0.072556  -99    0.000000
    44     6  -0.034789      -0.034789  -99    0.009445
    45     6  -0.093082      -0.093082  -99    0.007320
    46     6  -0.093082      -0.093082  -99    0.007320
    47     6  -0.175350      -0.175350  -99    0.004954
    48     6  -0.175350      -0.175350  -99    0.004954
    49     1   0.118779       0.118779  -99    0.000000
    50     6  -0.114823      -0.114823  -99    0.006568
    51     1   0.140749       0.140749  -99    0.000000
    52     1   0.132473       0.132473  -99    0.000000
    53     1   0.118779       0.118779  -99    0.000000
    54     1   0.140749       0.140749  -99    0.000000

        Statistics of the fitting:
  The initial sum of squares (ssvpot)                      0.326
  The residual sum of squares (chipot)                     0.004
  The std err of estimate (sqrt(chipot/N))               0.00142
  ESP relative RMS (SQRT(chipot/ssvpot))                 0.11151

 Dipole Moment (Debye)=   1.77903
