
Resp charges for organic molecule                                               

iqopt   irstrnt  ihfree     qwt
  2      1      1        0.001000

 rel.rms   dipole mom       Qxx      Qyy      Qzz
    0.11051   0.78237 -18.49871  38.53094 -20.03222

          Point charges before & after optimization
    NO   At.No.    q0           q(opt)   IVARY  d(rstr)/dq 
     1     6   0.034866       0.034866  -99    0.009443
     2     6   0.027005       0.027005  -99    0.009654
     3     6  -0.046396      -0.046396  -99    0.009071
     4     6   0.027005       0.027005  -99    0.009654
     5     6   0.034866       0.034866  -99    0.009443
     6     6  -0.183419      -0.183419  -99    0.004787
     7     6  -0.149616      -0.149616  -99    0.005557
     8     6  -0.171695      -0.171695  -99    0.005033
     9     6  -0.121147      -0.121147  -99    0.006366
    10     1   0.144905       0.144905  -99    0.000000
    11     1   0.141271       0.141271  -99    0.000000
    12     1   0.138728       0.138728  -99    0.000000
    13     1   0.121146       0.121146  -99    0.000000
    14     6  -0.183419      -0.183419  -99    0.004787
    15     6  -0.121147      -0.121147  -99    0.006366
    16     6  -0.149616      -0.149616  -99    0.005557
    17     6  -0.171695      -0.171695  -99    0.005033
    18     1   0.121146       0.121146  -99    0.000000
    19     1   0.138728       0.138728  -99    0.000000
    20     1   0.144905       0.144905  -99    0.000000
    21     1   0.141271       0.141271  -99    0.000000
    22     6   0.010529       0.010529  -99    0.009945
    23     6   0.035070       0.035070  -99    0.009437
    24     6  -0.056014      -0.056014  -99    0.008725
    25     6  -0.015753      -0.010470    0    0.009946
    26     6  -0.004734      -0.004734  -99    0.009989
    27     1   0.038014       0.039131    0    0.000000
    28     1   0.048053       0.039131   27    0.000000
    29     6  -0.249008      -0.249008  -99    0.003727
    30     6  -0.137672      -0.137672  -99    0.005877
    31     6  -0.029329      -0.029329  -99    0.009596
    32     6   0.174243       0.174243  -99    0.004978
    33     1   0.168514       0.168514  -99    0.000000
    34     1   0.161974       0.161974  -99    0.000000
    35     1   0.051045       0.051045  -99    0.000000
    36     6  -0.159248      -0.154600    0    0.005431
    37     1   0.047459       0.040494    0    0.000000
    38     1   0.031381       0.040494   37    0.000000
    39     1   0.044767       0.040494   37    0.000000
    40     8  -0.520010      -0.520010  -99    0.001888
    41     1   0.337840       0.337840  -99    0.000000
    42     6   0.022496       0.022496  -99    0.009756
    43     6   0.210206       0.210206  -99    0.004296
    44     6  -0.122779      -0.122779  -99    0.006315
    45     6  -0.192089      -0.192089  -99    0.004618
    46     6  -0.215978      -0.215978  -99    0.004202
    47     6   0.071901       0.071901  -99    0.008119
    48     6  -0.157237      -0.157237  -99    0.005366
    49     6  -0.174397      -0.174397  -99    0.004974
    50     6  -0.144724      -0.144724  -99    0.005685
    51     6  -0.206712      -0.206712  -99    0.004355
    52     1   0.124062       0.124062  -99    0.000000
    53     1   0.162881       0.162881  -99    0.000000
    54     1   0.161236       0.161236  -99    0.000000
    55     1   0.122815       0.122815  -99    0.000000
    56     1   0.147630       0.147630  -99    0.000000
    57     1   0.147871       0.147871  -99    0.000000
    58     1   0.148003       0.148003  -99    0.000000

        Statistics of the fitting:
  The initial sum of squares (ssvpot)                      0.312
  The residual sum of squares (chipot)                     0.004
  The std err of estimate (sqrt(chipot/N))               0.00137
  ESP relative RMS (SQRT(chipot/ssvpot))                 0.11051

 Dipole Moment (Debye)=   0.78237
