  Atom           S          P          D        Total
      1    C  3.0913804  2.8634168  0.0589445  6.0137417
      2    C  3.0920691  2.8490509  0.0586210  5.9997410
      3    C  3.0965620  2.8905599  0.0577663  6.0448883
      4    C  3.1054144  2.8699180  0.0578114  6.0331438
      5    C  3.0915821  2.8620716  0.0588950  6.0125486
      6    C  3.1204908  3.0222016  0.0592941  6.2019865
      7    C  3.1636060  2.9860662  0.0590582  6.2087304
      8    C  3.1586024  2.9934798  0.0588807  6.2109628
      9    C  3.1245061  3.0027703  0.0595738  6.1868502
     10    H  0.7945020  0.0000000  0.0000000  0.7945020
     11    H  0.8015305  0.0000000  0.0000000  0.8015305
     12    H  0.8032412  0.0000000  0.0000000  0.8032412
     13    H  0.7911206  0.0000000  0.0000000  0.7911206
     14    C  3.1216393  3.0228748  0.0592129  6.2037271
     15    C  3.1298621  3.0081064  0.0592337  6.1972023
     16    C  3.1640105  2.9866161  0.0589909  6.2096175
     17    C  3.1600634  2.9934076  0.0587686  6.2122396
     18    H  0.7713762  0.0000000  0.0000000  0.7713762
     19    H  0.8008108  0.0000000  0.0000000  0.8008108
     20    H  0.7938196  0.0000000  0.0000000  0.7938196
     21    H  0.8013106  0.0000000  0.0000000  0.8013106
     22    C  3.1016044  2.8166382  0.0575379  5.9757805
     23    C  3.2174453  2.9253730  0.0778186  6.2206369
     24    C  3.0720365  2.8968830  0.0572147  6.0261342
     25    C  3.2452133  3.0077317  0.0792151  6.3321601
     26    C  3.1304995  2.8034263  0.0581278  5.9920536
     27    H  0.8156125  0.0000000  0.0000000  0.8156125
     28    H  0.7999356  0.0000000  0.0000000  0.7999356
     29    C  3.1465847  3.0254381  0.0591682  6.2311911
     30    C  3.1432161  2.9863880  0.0599490  6.1895530
     31    C  3.0935280  2.8666850  0.0568412  6.0170541
     32    C  3.0978044  2.8431558  0.0569830  5.9979431
     33    H  0.7892170  0.0000000  0.0000000  0.7892170
     34    H  0.7869123  0.0000000  0.0000000  0.7869123
     35    C  3.1392552  3.0078359  0.0593636  6.2064548
     36    C  3.1274924  3.0032887  0.0588271  6.1896083
     37    C  3.1650349  2.9846881  0.0593512  6.2090742
     38    C  3.1567437  2.9924373  0.0591875  6.2083685
     39    H  0.7547815  0.0000000  0.0000000  0.7547815
     40    H  0.7909092  0.0000000  0.0000000  0.7909092
     41    H  0.7946306  0.0000000  0.0000000  0.7946306
     42    H  0.7949348  0.0000000  0.0000000  0.7949348
     43    H  0.8002855  0.0000000  0.0000000  0.8002855
     44    C  3.1160873  2.7909804  0.0547862  5.9618539
     45    C  3.1505405  3.0214271  0.0582866  6.2302542
     46    C  3.1456990  3.0027163  0.0586149  6.2070302
     47    C  3.1552716  2.9787469  0.0589748  6.1929933
     48    C  3.1575147  2.9772421  0.0591178  6.1938746
     49    H  0.7853823  0.0000000  0.0000000  0.7853823
     50    C  3.1553526  2.9922205  0.0587292  6.2063023
     51    H  0.7968536  0.0000000  0.0000000  0.7968536
     52    H  0.8004858  0.0000000  0.0000000  0.8004858
     53    H  0.8081252  0.0000000  0.0000000  0.8081252
     54    H  0.8005222  0.0000000  0.0000000  0.8005222
------------ ---------- ---------- ---------- ----------
  Total                                      214.0000000
