
Resp charges for organic molecule                                               

iqopt   irstrnt  ihfree     qwt
  2      1      1        0.001000

 rel.rms   dipole mom       Qxx      Qyy      Qzz
    0.13503   2.01110  16.48096  31.82889 -48.30985

          Point charges before & after optimization
    NO   At.No.    q0           q(opt)   IVARY  d(rstr)/dq 
     1     6   0.043438       0.043438  -99    0.009172
     2     6   0.037293       0.037293  -99    0.009370
     3     6  -0.119115      -0.119115  -99    0.006430
     4     6   0.037293       0.037293  -99    0.009370
     5     6   0.043438       0.043438  -99    0.009172
     6     6  -0.196348      -0.196348  -99    0.004538
     7     6  -0.139789      -0.139789  -99    0.005818
     8     6  -0.193512      -0.193512  -99    0.004591
     9     6  -0.123274      -0.123274  -99    0.006300
    10     1   0.146774       0.146774  -99    0.000000
    11     1   0.140005       0.140005  -99    0.000000
    12     1   0.142963       0.142963  -99    0.000000
    13     1   0.145926       0.145926  -99    0.000000
    14     6  -0.196348      -0.196348  -99    0.004538
    15     6  -0.123274      -0.123274  -99    0.006300
    16     6  -0.139789      -0.139789  -99    0.005818
    17     6  -0.193512      -0.193512  -99    0.004591
    18     1   0.145926       0.145926  -99    0.000000
    19     1   0.142963       0.142963  -99    0.000000
    20     1   0.146774       0.146774  -99    0.000000
    21     1   0.140005       0.140005  -99    0.000000
    22     6  -0.057760      -0.057760  -99    0.008659
    23     6  -0.000069      -0.000069  -99    0.010000
    24     6   0.001062       0.001062  -99    0.009999
    25     6  -0.097760      -0.074885    0    0.008005
    26     6   0.064762       0.064762  -99    0.008394
    27     1   0.052272       0.044794    0    0.000000
    28     1   0.078397       0.044794   27    0.000000
    29     6  -0.222927      -0.222927  -99    0.004093
    30     6  -0.187936      -0.187936  -99    0.004697
    31     6   0.071478       0.071478  -99    0.008135
    32     6   0.072512       0.072512  -99    0.008096
    33     1   0.150841       0.150841  -99    0.000000
    34     1   0.162264       0.162264  -99    0.000000
    35     6  -0.183559      -0.183559  -99    0.004784
    36     6  -0.172295      -0.172295  -99    0.005020
    37     6  -0.114276      -0.114276  -99    0.006585
    38     6  -0.165397      -0.165397  -99    0.005174
    39     1   0.146341       0.146341  -99    0.000000
    40     1   0.137210       0.137210  -99    0.000000
    41     1   0.141321       0.141321  -99    0.000000
    42     1   0.145912       0.145912  -99    0.000000
    43     1   0.035036       0.035036  -99    0.000000
    44     6   0.304132       0.304132  -99    0.003124
    45     6  -0.247969      -0.189147    0    0.004674
    46     1   0.043299       0.037361    0    0.000000
    47     1   0.067658       0.037361   46    0.000000
    48     1   0.032054       0.037361   46    0.000000
    49     6  -0.198090      -0.189147   45    0.004674
    50     6  -0.176783      -0.189147   45    0.004674
    51     1   0.037163       0.037361   46    0.000000
    52     1   0.045758       0.037361   46    0.000000
    53     1   0.032644       0.037361   46    0.000000
    54     1   0.028098       0.037361   46    0.000000
    55     1   0.054721       0.037361   46    0.000000
    56     1   0.032050       0.037361   46    0.000000

        Statistics of the fitting:
  The initial sum of squares (ssvpot)                      0.245
  The residual sum of squares (chipot)                     0.004
  The std err of estimate (sqrt(chipot/N))               0.00155
  ESP relative RMS (SQRT(chipot/ssvpot))                 0.13503

 Dipole Moment (Debye)=   2.01110
