
Resp charges for organic molecule                                               

iqopt   irstrnt  ihfree     qwt
  2      1      1        0.001000

 rel.rms   dipole mom       Qxx      Qyy      Qzz
    0.10971   1.93760  19.96580  25.46008 -45.42588

          Point charges before & after optimization
    NO   At.No.    q0           q(opt)   IVARY  d(rstr)/dq 
     1     6   0.038981       0.038981  -99    0.009317
     2     6   0.028416       0.028416  -99    0.009619
     3     6  -0.076325      -0.076325  -99    0.007949
     4     6   0.028416       0.028416  -99    0.009619
     5     6   0.038981       0.038981  -99    0.009317
     6     6  -0.181624      -0.181624  -99    0.004823
     7     6  -0.157923      -0.157923  -99    0.005350
     8     6  -0.173795      -0.173795  -99    0.004987
     9     6  -0.142102      -0.142102  -99    0.005755
    10     1   0.144590       0.144590  -99    0.000000
    11     1   0.144120       0.144120  -99    0.000000
    12     1   0.143205       0.143205  -99    0.000000
    13     1   0.145637       0.145637  -99    0.000000
    14     6  -0.181624      -0.181624  -99    0.004823
    15     6  -0.142102      -0.142102  -99    0.005755
    16     6  -0.157923      -0.157923  -99    0.005350
    17     6  -0.173795      -0.173795  -99    0.004987
    18     1   0.145637       0.145637  -99    0.000000
    19     1   0.143205       0.143205  -99    0.000000
    20     1   0.144590       0.144590  -99    0.000000
    21     1   0.144120       0.144120  -99    0.000000
    22     6  -0.031892      -0.031892  -99    0.009527
    23     6   0.070776       0.070776  -99    0.008162
    24     6  -0.012162      -0.012162  -99    0.009927
    25     6   0.025513       0.039020    0    0.009316
    26     6   0.030304       0.030304  -99    0.009570
    27     1   0.026524       0.020657    0    0.000000
    28     1   0.028694       0.020657   27    0.000000
    29     6  -0.239078      -0.239078  -99    0.003859
    30     6  -0.177621      -0.177621  -99    0.004906
    31     6   0.033723       0.033723  -99    0.009476
    32     6   0.087930       0.087930  -99    0.007510
    33     1   0.156665       0.156665  -99    0.000000
    34     1   0.159280       0.159280  -99    0.000000
    35     6  -0.169343      -0.169343  -99    0.005085
    36     6  -0.153344      -0.153344  -99    0.005462
    37     6  -0.120024      -0.120024  -99    0.006401
    38     6  -0.173868      -0.173868  -99    0.004986
    39     1   0.136376       0.136376  -99    0.000000
    40     1   0.140937       0.140937  -99    0.000000
    41     1   0.133780       0.133780  -99    0.000000
    42     1   0.149180       0.149180  -99    0.000000
    43     1   0.018212       0.018212  -99    0.000000
    44     6  -0.107063      -0.111340    0    0.006682
    45     1   0.041985       0.029497    0    0.000000
    46     1   0.011492       0.029497   45    0.000000
    47     1   0.030339       0.029497   45    0.000000

        Statistics of the fitting:
  The initial sum of squares (ssvpot)                      0.265
  The residual sum of squares (chipot)                     0.003
  The std err of estimate (sqrt(chipot/N))               0.00134
  ESP relative RMS (SQRT(chipot/ssvpot))                 0.10971

 Dipole Moment (Debye)=   1.93760
