
Resp charges for organic molecule                                               

iqopt   irstrnt  ihfree     qwt
  2      1      1        0.001000

 rel.rms   dipole mom       Qxx      Qyy      Qzz
    0.13375   1.89481  20.01183  28.57699 -48.58881

          Point charges before & after optimization
    NO   At.No.    q0           q(opt)   IVARY  d(rstr)/dq 
     1     6   0.029800       0.029800  -99    0.009584
     2     6   0.058924       0.058924  -99    0.008616
     3     6  -0.083940      -0.083940  -99    0.007659
     4     6   0.058924       0.058924  -99    0.008616
     5     6   0.029800       0.029800  -99    0.009584
     6     6  -0.195712      -0.195712  -99    0.004550
     7     6  -0.133797      -0.133797  -99    0.005987
     8     6  -0.195094      -0.195094  -99    0.004561
     9     6  -0.139714      -0.139714  -99    0.005820
    10     1   0.148316       0.148316  -99    0.000000
    11     1   0.137503       0.137503  -99    0.000000
    12     1   0.145993       0.145993  -99    0.000000
    13     1   0.145967       0.145967  -99    0.000000
    14     6  -0.195712      -0.195712  -99    0.004550
    15     6  -0.139714      -0.139714  -99    0.005820
    16     6  -0.133797      -0.133797  -99    0.005987
    17     6  -0.195094      -0.195094  -99    0.004561
    18     1   0.145967       0.145967  -99    0.000000
    19     1   0.145993       0.145993  -99    0.000000
    20     1   0.148316       0.148316  -99    0.000000
    21     1   0.137503       0.137503  -99    0.000000
    22     6  -0.081819      -0.081819  -99    0.007740
    23     6  -0.010355      -0.010355  -99    0.009947
    24     6   0.013204       0.013204  -99    0.009914
    25     6   0.000711       0.024548    0    0.009712
    26     6   0.031914       0.031914  -99    0.009527
    27     1   0.035344       0.027382    0    0.000000
    28     1   0.058546       0.027382   27    0.000000
    29     6  -0.236595      -0.236595  -99    0.003893
    30     6  -0.158830      -0.158830  -99    0.005328
    31     6   0.042542       0.042542  -99    0.009202
    32     6   0.058862       0.058862  -99    0.008618
    33     1   0.150001       0.150001  -99    0.000000
    34     1   0.156369       0.156369  -99    0.000000
    35     6  -0.170494      -0.170494  -99    0.005059
    36     6  -0.129250      -0.129250  -99    0.006119
    37     6  -0.122769      -0.122769  -99    0.006315
    38     6  -0.167043      -0.167043  -99    0.005136
    39     1   0.123279       0.123279  -99    0.000000
    40     1   0.138038       0.138038  -99    0.000000
    41     1   0.136530       0.136530  -99    0.000000
    42     1   0.145758       0.145758  -99    0.000000
    43     1   0.043272       0.043272  -99    0.000000
    44     6   0.153058       0.153058  -99    0.005470
    45     6  -0.199307      -0.169029    0    0.005092
    46     1   0.030597       0.037782    0    0.000000
    47     1   0.060277       0.037782   46    0.000000
    48     1   0.025727       0.037782   46    0.000000
    49     6  -0.133798      -0.169029   45    0.005092
    50     1   0.021956       0.037782   46    0.000000
    51     1   0.034967       0.037782   46    0.000000
    52     1   0.032924       0.037782   46    0.000000
    53     1  -0.004053      -0.004053  -99    0.000000

        Statistics of the fitting:
  The initial sum of squares (ssvpot)                      0.264
  The residual sum of squares (chipot)                     0.005
  The std err of estimate (sqrt(chipot/N))               0.00158
  ESP relative RMS (SQRT(chipot/ssvpot))                 0.13375

 Dipole Moment (Debye)=   1.89481
